1 1 0.000000e+00
1 2 3.009119e-01
1 3 2.639854e-01
1 4 3.557377e-01
1 5 3.066294e-01
1 6 4.252808e-01
2 1 3.009119e-01
2 2 0.000000e+00
2 3 2.325645e-01
2 4 3.865349e-01
2 5 3.280806e-01
2 6 3.673552e-01
3 1 2.639854e-01
3 2 2.325645e-01
3 3 0.000000e+00
3 4 3.541319e-01
3 5 2.472662e-01
3 6 3.637549e-01
4 1 3.557377e-01
4 2 3.865349e-01
4 3 3.541319e-01
4 4 0.000000e+00
4 5 3.260466e-01
4 6 4.278929e-01
5 1 3.066294e-01
5 2 3.280806e-01
5 3 2.472662e-01
5 4 3.260466e-01
5 5 0.000000e+00
5 6 3.864396e-01
6 1 4.252808e-01
6 2 3.673552e-01
6 3 3.637549e-01
6 4 4.278929e-01
6 5 3.864396e-01
6 6 0.000000e+00
